function b = single_node_order20
% Returns coefficients for univariate AR(20) model
b = zeros(1,1,20);
b(1,1,:)= [-0.02314,0.1,0.05, ...
    -0.16,-0.17,-0.16,-0.123, ...
   -0.0856,-0.0076,0.0559,...
   0.0828,0.0787,0.0560,0.0273,...
   0.005,-0.0017,0.0033,...
   0.0131,0.02051,0.0185];

end